No. 	MJD 	+/- 	dF/F 	+/- 	dF1/F1 	+/-

1 	40491.80 	0.03 	7.2 	0.4 	0.44 	0.04
2 	41161.98 	0.04 	1.9 	0.1 	0.17 	0.01
3 	41250.32 	0.01 	2.1 	0.1 	0.11 	0.01
4 	42447.26 	0.04 	35.7 	0.3 	1.6 	0.1
5 	46663.69 	0.03 	6 	1 	0.5 	0.1
6 	47767.504 	0.003 	81.0 	0.4 	3.4 	0.1
7 	48945.6 	0.1 	4.2 	0.2 	0.32 	0.03
8 	50020.04 	0.02 	2.1 	0.1 	0.2 	0.01
9 	50260.031 	0.004 	31.9 	0.1 	1.73 	0.03
10 	50458.94 	0.03 	6.1 	0.4 	1.1 	0.1
11 	50489.7 	0.2 	0.8 	0.3 	-0.2 	0.1
12 	50812.59 	0.01 	6.2 	0.2 	0.62 	0.04
13 	51452.02 	0.01 	6.8 	0.2 	0.7 	0.1
14 	51740.656 	0.002 	25.1 	0.3 	2.9 	0.1
15 	51804.75 	0.02 	3.5 	0.1 	0.53 	0.03
16 	52084.072 	0.001 	22.6 	0.1 	2.07 	0.03
17 	52146.7580 	0.0003  8.9 	0.1 	0.57 	0.01
18 	52498.257 	0.002 	3.4 	0.1 	0.70 	0.02
19 	52587.20 	0.01 	1.7 	0.1 	0.5 	0.1
20 	53067.0780 	0.0002  214 	1 	6.2 	0.2
21 	53254.109 	0.002 	4.9 	0.1 	0.2 	0.1
22 	53331.17 	0.01 	2.8 	0.2 	0.7 	0.1
23 	53970.1900 	0.0003  21.8 	0.2 	3.1 	0.1
24 	54580.38 	0.01 	4.7 	0.1 	0.2 	0.1
25 	55875.5 	0.1 	49.2 	0.3 	X 	X
26 	57839.92 	0.06 	2.14 	0.11 	0.27 	0.03
27 	58064.555 	0.003 	516.37  0.10 	6.969 	0.021
28 	58237.357 	0.005 	4.08 	0.22 	0.46 	0.11
29 	58470.939 	0.006 	2.36 	0.04 	0.36 	0.05
30 	58687.565 	0.004 	31.7 	1.2 	0.341 	0.033
