4U 0142+61   0146+6145  1 51141.      248.         650.    150.       14.        5.      47
B0154+61     0157+6212  1 48512.        5.           4.      1.      -11.        6.      60, also in 29
J0205+6449   0205+6449  1 52555.        8.         340.    110.        5.        1.      32
J0205+6449   0205+6449  2 52920.       72.        3800.    400.       12.        1.      32
B0355+54     0358+5413  1 46082.        4.           6.      1.        6.        5.      60, also in 37
B0355+54     0358+5413  2 46470.       18.        4366.      1.      430.      154.      60, also in 37
B0355+54     0358+5413  3 51679.       15.           0.06     .04      0.0        .2     60, also in 25
B0355+54     0358+5413  4 51969.        1.           0.7      .2      15.        7.      60, also in 25
B0355+54     0358+5413  5 52943.        3.           2.      1.      -39.       76.      60, also in 25
B0355+54     0358+5413  6 53209.        2.           1.      1.      207.       70.      60, also in 25
B0458+46     0502+4654  1 52616.        2.           0.33     .02      0.7        .2     60
B0525+21     0528+2200  1 42051.5        .3          1.9      .2      13.        5.      60, also in 15
B0525+21     0528+2200  2 52296.        1.           2.3      .2       7.        2.      25
B0525+21     0528+2200  3 53379.                     0.2      .1                         25
B0531+21     0534+2200  1 40491.84       .03         7.2      .4       0.44       .04    60, also in 35
B0531+21     0534+2200  2 41161.98       .04         1.9      .1       0.17       .01    60, also in 35
B0531+21     0534+2200  3 41250.32       .01         2.1      .1       0.11       .01    60, also in 35
B0531+21     0534+2200  4 42447.26       .04        35.7      .3       1.6        .1     60, also in 35
B0531+21     0534+2200  5 46663.69       .03         6.      1.        0.5        .1     60, also in 36
B0531+21     0534+2200  6 47767.504      .003       81.0      .4       3.4        .1     60, also in 40
B0531+21     0534+2200  7 48945.6        .1          4.2      .2       0.32       .03    60, also in 39, 56
B0531+21     0534+2200  8 50020.04       .02         2.1      .1       0.20       .01    60, also in 56
B0531+21     0534+2200  9 50260.031     4.          31.9      .1       1.73       .03    60 also in 56
B0531+21     0534+2200 10 50458.94       .03         6.1      .4       1.1        .1     60 also in 56
B0531+21     0534+2200 11 50489.7        .2          0.8      .3      -0.2        .1     60, also in 56
B0531+21     0534+2200 12 50812.59       .01         6.2      .2       0.62       .04    60, also in 56
B0531+21     0534+2200 13 51452.02       .01         6.8      .2       0.7        .1     60, also in 56
B0531+21     0534+2200 14 51740.656      .002       25.1      .3       2.9        .1     60
B0531+21     0534+2200 15 51804.75       .02         3.5      .1       0.53       .03    60
B0531+21     0534+2200 16 52084.072      .001       22.6      .1       2.07       .03    60
B0531+21     0534+2200 17 52146.7580     .0003       8.87     .05      0.57       .01    60
B0531+21     0534+2200 18 52498.257      .002        3.4      .1       0.70       .02    60
B0531+21     0534+2200 19 52587.20       .01         1.7      .1       0.5        .1     60
B0531+21     0534+2200 20 53067.0780     .0002     214.      1.        6.2        .2     60
B0531+21     0534+2200 21 53254.109      .002        4.9      .1       0.16       .05    60
B0531+21     0534+2200 22 53331.17       .01         2.8      .2       0.7        .1     60
B0531+21     0534+2200 23 53970.1900     .0003      21.8      .2       3.1        .1     60
B0531+21     0534+2200 24 54580.38       .01         4.7      .1       0.2        .1     60
J0537-6910   0537-6910  1 51286.        9.         681.     65.        0.        1.      46
J0537-6910   0537-6910  2 51569.        7.         449.      8.        0.8        .5     46
J0537-6910   0537-6910  3 51711.        7.         315.      9.        1.        1.      46
J0537-6910   0537-6910  4 51826.        7.         140.      7.        0.        1.      46
J0537-6910   0537-6910  5 51881.        6.         141.     20.        0.2        .3     46
J0537-6910   0537-6910  6 51960.        5.         456.     46.        1.        1.      46
J0537-6910   0537-6910  7 52171.        8.         185.      6.        0.64       .03    46
J0537-6910   0537-6910  8 52242.        8.         427.      6.        0.17       .04    46
J0537-6910   0537-6910  9 52386.        6.         168.     20.        0.6        .2     46
J0537-6910   0537-6910 10 52453.        7.         217.     30.        0.3        .4     46
J0537-6910   0537-6910 11 52545.        6.         421.     18.        0.4        .2     46
J0537-6910   0537-6910 12 52740.        5.         144.      6.        0.56       .03    46
J0537-6910   0537-6910 13 52819.        4.         256.     16.        0.4        .2     46
J0537-6910   0537-6910 14 52887.        5.         234.     23.        0.6        .3     46
J0537-6910   0537-6910 15 53014.       10.         338.     10.        0.7        .1     46
J0537-6910   0537-6910 16 53125.        3.          18.     14.        0.6        .2     46
J0537-6910   0537-6910 17 53145.        3.         392.      8.       -0.1        .2     46
J0537-6910   0537-6910 18 53288.        2.         395.     10.        0.7        .1     46
J0537-6910   0537-6910 19 53446.        2.         259.     16.        0.7        .1     46
J0537-6910   0537-6910 20 53551.        4.         322.     26.        0.6        .2     46
J0537-6910   0537-6910 21 53699.        4.         402.      8.        0.6        .2     46
J0537-6910   0537-6910 22 53860.        2.         236.     20.        0.6        .2     46
J0537-6910   0537-6910 23 53951.        2.          18.     20.                          46
B0540-69     0540-6919  1 51335.       12.           1.4      .2       0.133      .002   34
B0559-05     0601-0527  1 51665.2        .1          0.19     .05     -0.7        .1     60
J0631+1036   0631+1036  1 50183.5        .2          4.7      .1      -0.7        .1     60
J0631+1036   0631+1036  2 50480.1        .1          4.2      .2       0.1        .2     60
J0631+1036   0631+1036  3 50608.277      .001       57.3      .1       1.15       .05    60
J0631+1036   0631+1036  4 50729.        1.        1662.7      .1       3.5        .2     60
J0631+1036   0631+1036  5 51909.69       .05         1.4      .1       0.26       .04    60
J0631+1036   0631+1036  6 52852.50       .01        17.6      .1       2.48       .04    60
J0631+1036   0631+1036  7 53230.1        .1          1.6      .1       0.4        .1     60
J0631+1036   0631+1036  8 53366.        1.           1.9      .1       0.28       .05    60
J0631+1036   0631+1036  9 53622.6        .2          1.1      .5       0.2               60
J0631+1036   0631+1036 10 54099.        2.           0.4      .1      -0.2        .1     60
J0631+1036   0631+1036 11 54170.4        .1          1.6      .1      -0.1        .1     60
J0631+1036   0631+1036 12 54632.530      .002       43.2      .1       3.3        .2     60
J0633+1746   0633+1746  1 50382.                     0.6                                 24
B0656+14     0659+1414  1 50197.        8.           0.6      .4       0.3        .5     60
B0656+14     0659+1414  2 51017.        3.           1.3      .1       1.8        .6     60
B0727-18     0729-1836  1 51421.9        .5          1.0      .5      -2.        3.      60
B0727-18     0729-1836  2 52150.        3.           4.      1.        6.        2.      60
J0729-1448   0729-1448  1 52010.        1.          24.8      .4       1.6        .3     60
J0729-1448   0729-1448  2 54317.7        .2         23.      1.        4.        3.      60
J0729-1448   0729-1448  3 54483.6        .3         13.      1.        1.        1.      60
J0729-1448   0729-1448  4 54592.        1.          12.      1.       -2.        2.      60
J0729-1448   0729-1448  5 54687.        3.        6676.      9.       54.        5.      60
B0740-28     0742-2822  1 47625.        3.           1.2      .1      -0.8        .3     60, also in 8
B0740-28     0742-2822  2 48331.7        .3          1.2      .1      -1.3        .5     60, also in 8
B0740-28     0742-2822  3 51770.       20.           1.0      .3       0.9        .2     25
B0740-28     0742-2822  4 52028.        2.           3.7      .2       4.        1.      60, also in 25
B0740-28     0742-2822  5 53083.1        .5          1.7      .2      -1.        1.      60, also in 25
B0740-28     0742-2822  6 53467.7        .3          1.8      .1       4.6        .5     60, also in 25
B0740-28     0742-2822  7 55020.469      .004       92.      2.     -372.       96.      60
B0756-15     0758-1528  1 49963.        4.           0.11     .03      2.        2.      60
B0833-45     0835-4510  1 40280.        4.        2340.     10.       10.        1.      14
B0833-45     0835-4510  2 41192.        8.        2050.     30.       15.        6.      14
B0833-45     0835-4510  3 41312.        4.          12.      2.        3.        6.      6
B0833-45     0835-4510  4 42683.        3.        1990.     10.       11.        7.      14
B0833-45     0835-4510  5 43693.       12.        3060.     60.       18.        9.      14
B0833-45     0835-4510  6 44888.4        .4       1145.      3.       49.        4.      5
B0833-45     0835-4510  7 45192.        1.        2050.     10.       23.        1.      5
B0833-45     0835-4510  8 46257.228      .001     1601.      1.       17.        1.      43
B0833-45     0835-4510  9 47519.8036     .0001    1805.      1.       77.        6.      44
B0833-45     0835-4510 10 48457.382      .001     2715.      2.      600.       60.      18
B0833-45     0835-4510 11 49559.0        .2        835.      2.        0.        5.      17
B0833-45     0835-4510 12 49591.2                  199.      2.      120.       20.      20
B0833-45     0835-4510 13 50369.345      .002     2110.     17.        5.95       .03    54
B0833-45     0835-4510 14 51559.319      .001     3085.72     .04      6.736      .001   13
B0833-45     0835-4510 15 53193.                  2100.                                  12
B0833-45     0835-4510 16 53960.                  2620.              230.       40.      16
B1046-58     1048-5832  1 48944.        2.          19.      2.        0.3        .1     54
B1046-58     1048-5832  2 49034.        9.        3000.     10.        3.7        .1     54
B1046-58     1048-5832  3 50791.49       .05       768.      1.       14.        5.      53
1E 1048    b 1048-5937  1 52386.        2.        2900.    100.       76.        4.      11
1E 1048      1048-5937  2 54185.9        .1      16300.    200.     -111.       74.      10
J1105-6107   1105-6107  1 50417.       16.         279.7      .2       4.63       .04    54
J1105-6107   1105-6107  2 50610.        3.           2.      3.        0.19       .01    54
J1119-6127   1119-6127  1 51398.        4.           4.4      .4       0.04       .01    2
J1123-6259   1123-6259  1 49705.87       .01       749.      1.        1.0        .4     54
J1141-3322   1141-3322  1 50521.31       .03         0.4      .1      -4.        5.      60
B1259-63     1302-6350  1 50691.        1.           3.2      .1       2.5        .1     55
B1325-43     1328-4357  1 43590.       24.         116.                                  48
B1338-62     1341-6220  1 47989.       21.        1509.      1.        0.2        .1     54
B1338-62     1341-6220  2 48453.       12.          23.      7.       -0.5        .1     54
B1338-62     1341-6220  3 48645.       10.         996.      3.        0.7        .1     54
B1338-62     1341-6220  4 49134.       22.          13.2     1.3       0.6        .2     54
B1338-62     1341-6220  5 49363.      130.         146.     38.        0.7        .2     54
B1338-62     1341-6220  6 49523.       17.          37.     35.       -0.6        .1     54
B1338-62     1341-6220  7 49766.        2.          15.      2.       -0.3        .1     54
B1338-62     1341-6220  8 49904.       16.          31.      1.       -1.9        .4     54
B1338-62     1341-6220  9 50008.       16.        1648.      3.        3.3        .4     54
B1338-62     1341-6220 10 50322.        1.          30.      1.        0.6        .1     54
B1338-62     1341-6220 11 50529.        1.          23.      1.        1.0        .4     54
B1338-62     1341-6220 12 50683.       13.         708.      1.        1.2        .3     54
J1357-6429   1357-6429  1 52021.        8.        2428.      1.        6.3        .1     60, also in 3
B1508+55     1509+5531  1 41732.       58.           0.2      .1      -6.        1.      41
B1530+27     1532+2745  1 49732.        3.           0.29     .04     -1.        2.      60
B1535-56     1539-5626  1 48165.       15.        2793.      1.        1.        1.      26
B1610-50     1614-5048  1 49803.       16.        6460.     80.        9.7        .2     54
J1617-5055   1617-5055  1 46960.      760.         600.      5.                          52
B1641-45     1644-4559  1 43390.       63.         191.      1.        2.        1.      42
B1641-45     1644-4559  2 46453.       35.         803.6      .1       0.5        .3     19
B1641-45     1644-4559  3 47589.        4.           1.61     .04      1.1        .1     19
CXO J1647  c 1647-4552  1 53999.                 65000.   3000.                          23
B1702-19     1705-1906  1 48902.1        .5          0.4      .1       1.        1.      60
J1705-3423   1705-3423  1 51956.        1.           0.59     .04      0.7        .5     60
J1705-3423   1705-3423  2 54408.        2.           0.57     .04      3.        1.      60
B1706-44     1709-4429  1 48775.       15.        2057.      2.        4.0        .1     26
1RXS J1708 d 1708-4009  1 51445.                   561.     33.        5.        3.      9
1RXS J1708   1708-4009  2 52016.                  4202.     44.      620.        1.      9
1RXS J1708 a 1708-4009  3 52990.                   308.     44.        0.0               9
1RXS J1708 a 1708-4009  4 53366.                   572.     66.       12.        8.      9
1RXS J1708   1708-4009  5 53549.                  2707.     99.       12.       12.      9
1RXS J1708 a 1708-4009  6 53636.                   737.     33.      -36.        3.      9
B1717-16     1720-1633  1 51169.        1.           1.5      .2       8.        3.      60
B1718-35     1721-3532  1 49971.        2.           7.5      .3       0.3        .4     60
B1727-33     1730-3350  1 48000.       10.        3033.      8.        4.        6.      26
B1727-33     1730-3350  2 52107.       19.        3202.      1.        5.9        .1     60
B1727-47     1731-4744  1 49387.2        .1        137.      1.        1.5        .4     60, also in 7
B1727-47     1731-4744  2 50718.1        .1          4.4      .2       4.0        .5     60, also in 54
B1727-47     1731-4744  3 52472.70       .02       126.4      .3       3.4        .2     60
B1736-29     1739-2903  1 46965.        1.           3.3      .2       1.7       1.0     60, also in 51
B1737-30     1740-3015  1 46991.       19.         421.      4.        3.4        .2     60, also in 45, 59
B1737-30     1740-3015  2 47289.        7.          31.      5.       11.       12.      60, also in 45, 59
B1737-30     1740-3015  3 47337.       27.           7.      4.        3.       12.      60, also in 45, 59
B1737-30     1740-3015  4 47466.        8.          26.      2.        0.        3.      60, also in 45, 59
B1737-30     1740-3015  5 47670.22       .01       600.      1.        3.        1.      60, also in 45, 59
B1737-30     1740-3015  6 48158.        1.          10.      1.       12.        2.      60
B1737-30     1740-3015  7 48191.691      .004      659.      7.       57.       13.      60, also in 51, 59
B1737-30     1740-3015  8 48218.        2.          48.     10.        8.       12.      60, also in 51, 59
B1737-30     1740-3015  9 48431.3        .4         16.      2.        3.        2.      60, also in 51, 59
B1737-30     1740-3015 10 49047.5        .5         17.      1.        2.        1.      60, also in 51, 59
B1737-30     1740-3015 11 49239.07       .02       169.7      .2       1.3        .2     60, also in 51, 59
B1737-30     1740-3015 12 49459.        2.          10.      1.        2.        1.      60, also in 29, 59
B1737-30     1740-3015 13 49542.3        .1          6.      1.        1.        1.      60, also in 29, 59
B1737-30     1740-3015 14 50574.83       .01       442.5      .3       2.4        .1     60, also in 29, 59
B1737-30     1740-3015 15 50939.        6.        1444.      1.        1.8        .1     60, also in 29, 53
B1737-30     1740-3015 16 51685.       21.           0.7      .4       0.1        .1     25
B1737-30     1740-3015 17 51827.        2.           0.9      .3       0.1        .2     60, also in 25
B1737-30     1740-3015 18 52048.        9.           2.      3.        1.        2.      60, also in 25
B1737-30     1740-3015 19 52245.        2.           4.      1.       -1.        2.      60, also in 25, 59
B1737-30     1740-3015 20 52266.0        .2         16.      1.       -3.        1.      60, also in 25, 59
B1737-30     1740-3015 21 52346.6        .1        158.0      .4       1.        1.      60, also in 25, 59
B1737-30     1740-3015 22 52576.        3.           0.9      .2      -0.1        .1     60, also in 25
B1737-30     1740-3015 23 52779.7        .4          1.7      .2      -0.1        .2     60, also in 25
B1737-30     1740-3015 24 52858.78       .03        18.6      .3       1.4        .4     60, also in 25, 59
B1737-30     1740-3015 25 52942.5        .1         20.2      .2       1.5        .3     60, also in 25, 59
B1737-30     1740-3015 26 53023.5190     .0004    1850.9      .3       2.4        .4     60, also in 59
B1737-30     1740-3015 27 53473.56       .01         0.8      .2       0.2        .2     60
B1737-30     1740-3015 28 54450.19       .01        45.9      .3       4.        1.      60
B1737-30     1740-3015 29 54695.19       .02         3.0      .2       1.                60
B1737-30     1740-3015 30 54810.9        .1          5.2      .3       1.                60
B1737-30     1740-3015 31 54928.6        .1          2.3      .2       1.                60
J1737-3137   1737-3137  1 51559.        2.           4.      1.        0.        1.      60
J1737-3137   1737-3137  2 53040.       12.         234.      1.        2.9        .2     60
J1737-3137   1737-3137  3 54348.        4.        1342.4      .2       1.4        .2     60
B1740-31     1743-3150  1 49572.        1.           2.2      .4       2.        1.      60
J1740+1000   1740+1000  1 54747.6        .1          1.2      .4       1.        1.      60
B1757-24     1801-2451  1 49475.95       .03      1987.9      .3       4.6        .1     60, also in 54
B1757-24     1801-2451  2 50651.44       .03      1247.4      .3       4.7        .2     60, also in 54
B1757-24     1801-2451  3 52054.74       .07      3755.8      .4       6.8        .1     60
B1757-24     1801-2451  4 53033.25       .02        17.4      .2       1.4        .1     60
B1757-24     1801-2451  5 54661.        2.        3101.      1.        9.3        .1     60
B1758-03     1801-0357  1 48000.        1.           3.1      .1       2.        2.      60, also in 29
B1758-23     1801-2304  1 46907.       21.         216.3      .2      -0.5        .1     60, also in 27
B1758-23     1801-2304  2 47855.       24.         230.7      .3      -0.3        .2     60, also in 27
B1758-23     1801-2304  3 48453.95      4.         348.      1.        0.        2.      60, also in 54
B1758-23     1801-2304  4 49701.7        .3         66.      2.        2.        2.      60, also in 54
B1758-23     1801-2304  5 50055.3        .5         22.      1.       -2.        1.      60, also in 29
B1758-23     1801-2304  6 50363.06       .02        81.      1.        2.        2.      60, also in 29
B1758-23     1801-2304  7 50939.        6.           6.      3.        4.        5.      60
B1758-23     1801-2304  8 52093.       26.         646.7      .2       0.9        .2     60
B1758-23     1801-2304  9 53306.98       .01       497.      1.       -1.        1.      60
B1800-21     1803-2137  1 48245.       11.        4074.4      .3       9.3        .1     60, also in 51
B1800-21     1803-2137  2 50264.1        .1          7.1      .2       0.5        .1     60, also in 29
B1800-21     1803-2137  3 50777.        4.        3183.9      .5       8.0        .2     60, also in 54
B1800-21     1803-2137  4 53429.        1.        3929.3      .4      10.6        .1     60
J1806-2125   1806-2125  1 51708.      123.       15773.1    12.3      37.        3.      60, also in 22
B1809-173    1812-1718  1 49932.        1.           1.5      .2       6.        3.      60
B1809-173    1812-1718  2 53106.2        .1         14.8      .2       7.        4.      60
B1809-173    1812-1718  3 54365.8        .3          1.4      .1       1.        1.      60
J1809-1917   1809-1917  1 53251.        2.        1625.1      .3       7.8        .3     60
J1809-2004   1809-2004  1 54196.       25.           2.      1.        7.        7.      60
J1814-1744   1814-1744  1 51371.        4.           8.      4.       -3.        1.      60
J1814-1744   1814-1744  2 51678.        1.          10.      2.        5.        3.      60, also in 25
J1814-1744   1814-1744  3 52075.        7.          34.      2.       -5.        3.      60, also in 25
J1814-1744   1814-1744  4 53241.       12.           3.      1.        0.7        .4     60, also in 25
J1814-1744   1814-1744  5 53756.4        .2         11.      2.        8.        4.      60
J1819-1458   1819-1458  1 53925.79       .04       725.      3.       78.        6.      60, also in 38
J1819-1458   1819-1458  2 54176.5        .2         72.      1.       36.        2.      60, also in 38
B1821-11     1824-1118  1 54306.        3.        2877.0      .2     -10.        2.      60
B1821-24     1824-2452  1 51980.       31.           0.008    .001     0.00       .04    60, also in 4
B1822-09     1825-0935  1 49942.1        .4          2.8      .2      -2.        1.      60, also in 49
B1822-09     1825-0935  2 50314.        2.           1.3      .2       0.        1.      60
B1822-09     1825-0935  3 52056.        1.          29.8      .1       3.4        .2     60, mentioned in 58
B1822-09     1825-0935  4 52810.        1.           1.3      .4      -2.        3.      60, mentioned in 58
B1822-09     1825-0935  5 53734.6        .1          4.      1.       -6.        5.      60, also in 50
B1822-09     1825-0935  6 54114.96       .03       121.      1.       -4.        3.      60
B1823-13     1826-1334  1 46507.       29.        2746.      1.        1.7        .1     60, also in 51
B1823-13     1826-1334  2 49120.       11.        2984.6      .3       7.6        .1     60, also in 51
B1823-13     1826-1334  3 53206.        1.           0.6      .3      -1.        1.      60
B1823-13     1826-1334  4 53259.        1.           3.      1.       -1.        1.      60
B1823-13     1826-1334  5 53737.        1.        3581.      1.        9.6        .4     60
B1830-08     1833-0827  1 47541.3        .1          0.9      .1      -0.1        .1     60
B1830-08     1833-0827  2 48051.        4.        1865.6      .1       1.742      .001   60, also in 51
J1830-1135   1830-1135  1 52367.        6.           2.1      .3       1.        1.      60
J1834-0731   1834-0731  1 53479.        1.           4.4      .4       0.6        .4     60
J1835-1106   1835-1106  1 52225.8        .2         15.6      .4       2.5        .4     60, also in 58
J1837-0559   1837-0559  1 53150.        1.           3.2      .3      13.        7.      60
J1838-0453   1838-0453  1 52162.      213.        9902.    381.        7.        1.      60
J1838-0453   1838-0453  2 54140.        4.           9.      1.       -0.1        .4     60
B1838-04     1841-0425  1 53388.       10.         578.60     .03      7.72       .03    60
B1841-05     1844-0538  1 47452.        1.           1.0      .1       0.9        .3     60
J1841-0524   1841-0524  1 53562.        1.          29.      1.        1.0        .5     60
J1841-0524   1841-0524  2 54012.88       .05        25.      2.        2.        1.      60
J1841-0524   1841-0524  3 54503.       21.        1032.      1.        0.7        .3     60
1E 1841-045  1841-0456  1 52464.00               15170.     82.       96.        1.      Based on table 8 in 9
1E 1841-045  1841-0456  2 52997.05                2450.     47.       -1.        1.      Based on table 8 in 9
1E 1841-045  1841-0456  3 53823.97                1390.     82.       -7.        3.      Based on table 8 in 9
J1844+0034   1844+00    1 51435.        3.           0.3      .1       1.        2.      60
J1844+0034   1844+00    2 51722.5        .4          5.2      .1       4.        3.      60
J1845-0316   1845-0316  1 52128.        1.          30.      1.       -2.        2.      60
J1845-0316   1845-0316  2 54170.       34.          71.9      .5       3.        2.      60
J1846-0258   1846-0258  1 52210.       10.           2.5      .2       0.93       .01    31
J1846-0258   1846-0258  2 53883.        2.        6200.    300.        4.46       .02    33, 30
J1847-0130   1847-0130  1 53426.        2.          15.      2.       -3.        2.      60, 61
J1847-0130   1847-0130  2 54784.449      .005       80.      2.        6.        3.      60
J1851-0029   1851-0029  1 54493.        1.           0.9      .2      -3.        2.      60
B1853+01     1856+0113  1 54123.        1.       11569.      1.       22.0        .2     60
B1859+01     1901+0156  1 51318.       70.          42.4      .1       0.8        .1     60
B1859+07     1901+0716  1 46860.95       .02        28.      1.      119.9      58.3     60, also in 51
B1900+06     1902+0615  1 48653.7        .1          0.41     .05      0.1        .3     60
B1900+06     1902+0615  2 49447.        1.           0.3      .1      -0.1        .4     60
B1900+06     1902+0615  3 50316.        2.           0.33     .05      0.5        .3     60
B1900+06     1902+0615  4 51136.        4.           0.4      .1      -0.4        .4     60
B1900+06     1902+0615  5 54239.        1.           0.26     .03     -0.7        .4     60
B1907-03     1910-0309  1 48252.        5.           0.5      .1       0.        2.      60, also in 29
B1907-03     1910-0309  2 49228.2        .1          2.5      .1       2.        1.      60, also in 29
B1907-03     1910-0309  3 53231.14       .01         2.7      .1       3.        2.      60
B1907+00     1909+0007  1 49530.        1.           0.4      .1       3.        2.      60
B1907+00     1909+0007  2 51224.        9.           0.2      .1       2.        1.      60
B1907+00     1909+0007  3 53546.        2.           0.5      .1       3.        2.      60
B1907+03     1910+0358  1 52321.       10.           1.3      .3       9.       11.      60
J1913+0446   1913+0446  1 53499.7        .5          6.5      .2       1.4        .2     60
J1913+0832   1913+0832  1 54653.908      .001       38.      1.        6.        3.      60
B1913+10     1915+1009  1 54154.        1.           2.7      .1       0.4        .3     60
J1913+1011   1913+1011  1 54431.        2.           0.2      .2       0.1        .4     60
B1917+00     1919+0021  1 50176.6        .2          1.9      .2      10.        4.      60, also in 29
B1923+04     1926+0431  1 51495.        1.           0.08     .02     -0.2        .1     60
B1930+22     1932+2220  1 45989.      400.         629.      9.                          60
B1930+22     1932+2220  2 46906.       85.        4427.      7.                          60
B1930+22     1932+2220  3 50253.        4.        4472.      1.       12.2        .3     60, also in 29
B1935+25     1937+2544  1 52032.        9.           0.03     .01      0.1        .1     60
B1951+32     1952+3252  1 51967.        9.           2.3      .1      -0.2        .1     25
B1951+32     1952+3252  2 52385.       11.           0.7      .1       0.0        .1     25
B1951+32     1952+3252  3 52912.        5.           1.3      .1       0.3        .1     25
B1951+32     1952+3252  4 53305.        6.           0.5      .1       0.1        .1     25
B1951+32     1952+3252  5 54103.44       .03         5.2      .2       0.0        .4     60
B1953+50     1955+5059  1 46964.        2.           0.04     .01     -0.6        .1     60
B1953+50     1955+5059  2 49038.        5.           0.021    .004    -0.1        .1     60
J1957+2831   1957+2831  1 52485.        3.           0.26     .05      0.6        .3     60
J1957+2831   1957+2831  2 52912.        3.           0.13     .03      0.3        .2     60
J1957+2831   1957+2831  3 54692.8        .3          5.8      .3       5.        6.      60
J2021+3651   2021+3651  1 52630.07       .05      2587.      2.        6.2        .2     21
J2021+3651   2021+3651  2 54177.       25.         745.      6.        5.5        .1     60
B2113+14     2116+1414  1 47989.        6.           0.26     .04      8.        3.      60
B2224+65     2225+6535  1 43072.       40.        1707.      1.        3.        5.      1
B2224+65     2225+6535  2 51900.                     0.14     .03     -2.9        .2     25
B2224+65     2225+6535  3 52950.                     0.08     .04     -1.4        .2     25
B2224+65     2225+6535  4 53434.       13.           0.2      .1                         25
J2229+6114   2229+6114  1 53064.        3.        1139.3      .3      12.5        .1     60
J2229+6114   2229+6114  2 54110.        1.         327.      4.       -3.        6.      60
J2229+6114   2229+6114  3 54781.54       .03         4.5      .2       0.1        .1     60
B2255+58     2257+5909  1 49488.2        .2          0.75     .04      1.0        .3     60, also in 29
1E 2259+586  2301+5852  1 52443.9        .2       4104.     28.     1111.       71.      28
B2334+61     2337+6151  1 53642.       13.       20470.      1.       23.8        .4     60, also in 57
